[[ 12.   0.  13.   5.]
 [ 14.   8.   1.   7.]
 [  2.   3.   4.  11.]
 [ 15.   6.   9.  10.]]
[[  2.   6.   3.  14.]
 [ 12.   1.   5.   8.]
 [  9.  15.  11.   0.]
 [ 13.   4.  10.   7.]]
[[  8.   0.  15.  14.]
 [  1.   6.   7.  13.]
 [  4.  10.  12.   2.]
 [  9.   5.  11.   3.]]
[[  4.   3.   9.  11.]
 [  1.   7.  15.   6.]
 [ 13.   2.  10.   0.]
 [ 12.  14.   5.   8.]]
[[ 11.   7.  14.  12.]
 [  9.   3.   8.  10.]
 [ 13.   1.  15.   6.]
 [  5.   2.   4.   0.]]
[[  1.  10.   7.   0.]
 [  2.   3.  15.   5.]
 [  6.   9.   8.  12.]
 [ 11.  13.  14.   4.]]
[[ 13.   1.  12.   3.]
 [ 14.   5.  15.   2.]
 [ 10.   0.   7.   6.]
 [  8.   4.  11.   9.]]
[[ 11.   1.   0.   9.]
 [ 15.   5.   2.   8.]
 [  4.   7.   3.  12.]
 [  6.  13.  10.  14.]]
[[  2.  14.   5.   1.]
 [ 12.   8.   3.  13.]
 [  4.  15.  11.  10.]
 [  7.   9.   6.   0.]]
[[  4.  10.   3.  14.]
 [  9.   2.   0.  15.]
 [ 12.  13.   8.  11.]
 [  1.   7.   5.   6.]]
[[  2.  15.   5.   1.]
 [ 13.   6.   4.  12.]
 [  3.  11.  10.   7.]
 [  8.   0.   9.  14.]]
[[  1.  10.   6.  11.]
 [  8.   7.   5.   9.]
 [  2.  13.  12.   3.]
 [ 14.  15.   4.   0.]]
[[ 12.   1.  14.   8.]
 [  3.  10.   6.   7.]
 [ 11.   2.   5.  15.]
 [  4.   0.   9.  13.]]
[[  3.   8.   5.   7.]
 [ 12.  13.   9.  11.]
 [  4.   6.   0.  15.]
 [ 10.   2.   1.  14.]]
[[  4.   2.  14.  12.]
 [  0.   5.   1.  15.]
 [  6.   3.   9.  13.]
 [ 11.   8.   7.  10.]]
[[ 12.   6.   3.  14.]
 [  7.  11.   8.  10.]
 [  4.   1.   5.   0.]
 [ 15.  13.   9.   2.]]
[[  1.   2.  14.   6.]
 [ 15.   3.   5.   8.]
 [ 10.   9.   7.  12.]
 [  0.  11.   4.  13.]]
[[  8.   1.   7.  14.]
 [ 15.   6.  13.   9.]
 [  4.   0.   3.  10.]
 [ 12.  11.   2.   5.]]
[[  3.  13.  12.   9.]
 [  4.  14.   8.   1.]
 [  0.   2.  11.   5.]
 [  7.  15.   6.  10.]]
[[ 14.   0.   6.  12.]
 [  7.   5.   2.  10.]
 [ 15.  13.   8.   1.]
 [  3.   4.   9.  11.]]
[[  9.   6.   1.   0.]
 [ 13.   5.  14.   7.]
 [  3.  10.  15.   8.]
 [ 11.   2.   4.  12.]]
[[  8.   4.  15.   9.]
 [ 13.  12.   3.   2.]
 [  0.  10.   5.   6.]
 [ 11.   1.  14.   7.]]
[[  3.  11.   7.   2.]
 [ 15.   0.  12.  14.]
 [  5.   6.   1.   4.]
 [ 10.   8.   9.  13.]]
[[ 14.   2.  10.  12.]
 [  0.   4.   3.   5.]
 [  6.  11.   9.  15.]
 [  7.  13.   1.   8.]]
[[ 10.   2.   5.   8.]
 [  1.   0.   7.  11.]
 [  6.  15.  14.  12.]
 [  9.  13.   3.   4.]]
[[  0.   7.   9.   6.]
 [ 11.   4.  14.   5.]
 [ 10.   8.  15.   2.]
 [ 12.  13.   3.   1.]]
[[  6.   8.  15.   0.]
 [  4.   7.   1.   5.]
 [ 10.   3.  12.   2.]
 [ 14.  11.   9.  13.]]
[[  8.  15.   7.  12.]
 [  2.   4.   5.  13.]
 [ 14.   9.  10.   6.]
 [  1.  11.   3.   0.]]
[[ 13.   8.   1.   0.]
 [  6.   3.   5.   9.]
 [ 10.  11.   4.  12.]
 [  2.  15.   7.  14.]]
[[ 12.   6.  11.   3.]
 [  2.  10.   8.   4.]
 [  5.  15.   0.  13.]
 [  7.  14.   1.   9.]]
[[  4.   6.  11.   0.]
 [  9.   7.  12.   3.]
 [ 14.  10.   5.  15.]
 [  2.   1.   8.  13.]]
[[  9.   8.   4.   3.]
 [ 15.  10.   6.  12.]
 [  7.   2.  14.  13.]
 [  0.   5.   1.  11.]]
[[  1.   0.   3.   4.]
 [ 11.   9.  15.  10.]
 [ 12.   5.   7.   2.]
 [ 13.   8.  14.   6.]]
[[  9.   1.   8.  10.]
 [  4.  15.   7.  11.]
 [  3.   6.  13.   2.]
 [  0.  14.   5.  12.]]
[[  5.   3.  12.   7.]
 [ 15.  14.   2.   9.]
 [ 10.   6.  13.   1.]
 [  4.  11.   0.   8.]]
[[ 12.   4.   7.  14.]
 [  6.  13.  11.   5.]
 [ 15.   0.   2.   8.]
 [  3.   1.  10.   9.]]
[[  5.   0.   1.  11.]
 [  3.   4.  13.   8.]
 [ 15.   7.  10.   2.]
 [  6.  12.  14.   9.]]
[[ 14.   5.   4.  12.]
 [ 13.   3.  11.   1.]
 [  0.   2.   8.  15.]
 [ 10.   6.   9.   7.]]
[[ 11.  13.   8.  10.]
 [  7.   9.   1.   2.]
 [  3.   6.  12.   4.]
 [  5.   0.  14.  15.]]
[[  3.  15.   2.   0.]
 [  9.   4.   6.   5.]
 [ 11.  12.   1.  13.]
 [ 10.   8.   7.  14.]]
[[  5.  13.  14.  15.]
 [  0.   3.   2.   9.]
 [ 12.  11.   8.   1.]
 [  6.  10.   4.   7.]]
[[ 10.   3.  12.   8.]
 [  9.  14.   7.   0.]
 [  1.   2.   6.   5.]
 [ 11.   4.  13.  15.]]
[[ 10.  15.   0.   3.]
 [  9.  11.  12.  13.]
 [  6.   8.  14.   5.]
 [  1.   7.   2.   4.]]
[[  3.  14.  10.  11.]
 [  7.   5.   0.   6.]
 [  4.  12.  13.   1.]
 [ 15.   8.   2.   9.]]
[[  2.   1.  10.   7.]
 [  3.   9.  15.  13.]
 [  4.   6.   5.  11.]
 [ 12.   8.   0.  14.]]
[[ 10.   8.  13.   1.]
 [ 14.  12.   7.   3.]
 [  6.  11.   2.  15.]
 [  9.   4.   0.   5.]]
[[ 11.   9.   4.  10.]
 [  3.  13.   7.   1.]
 [ 15.   0.   2.   5.]
 [  8.  14.  12.   6.]]
[[  4.  13.  11.   2.]
 [  7.  10.   5.   1.]
 [  9.   0.  14.   3.]
 [ 12.   8.   6.  15.]]
[[  7.   5.  14.  10.]
 [ 13.   3.   0.  11.]
 [  4.  12.   6.   1.]
 [  9.   8.   2.  15.]]
[[  9.  10.   8.   4.]
 [ 11.  15.   6.   5.]
 [  3.   2.   0.   1.]
 [ 14.   7.  12.  13.]]
[[ 12.   7.   1.  15.]
 [  9.   8.  10.   6.]
 [  4.   2.  11.  14.]
 [  3.   5.   0.  13.]]
[[  8.  14.  13.   0.]
 [ 11.   9.  12.  10.]
 [  5.   2.   4.   7.]
 [ 15.   6.   1.   3.]]
[[  4.  11.   6.  14.]
 [  7.  13.   0.   5.]
 [  8.   1.   9.   2.]
 [  3.  15.  10.  12.]]
[[  2.  15.  11.  14.]
 [  9.  10.   0.  13.]
 [  6.   8.   7.   4.]
 [  5.   3.   1.  12.]]
[[  7.   5.   3.  11.]
 [ 15.  14.   9.   6.]
 [  0.   4.  10.  13.]
 [ 12.   8.   2.   1.]]
[[  3.   8.   5.   2.]
 [  9.  10.  13.  14.]
 [  4.   0.  11.   1.]
 [ 15.   6.   7.  12.]]
[[ 13.  10.   5.  12.]
 [  8.   3.   1.  14.]
 [  7.   6.  15.  11.]
 [  0.   4.   2.   9.]]
[[  6.   4.  13.   3.]
 [ 11.  12.   2.   1.]
 [  8.  10.   7.  15.]
 [  9.   0.   5.  14.]]
[[  2.   8.   3.  12.]
 [  0.   1.   6.   9.]
 [ 15.  14.  10.  13.]
 [ 11.   4.   5.   7.]]
[[  1.  13.   2.   0.]
 [ 10.   9.   4.  11.]
 [  3.  12.   8.   5.]
 [ 14.  15.   6.   7.]]
[[  9.  11.   8.  13.]
 [  4.   1.  10.  12.]
 [  5.   7.   3.  14.]
 [  0.  15.   2.   6.]]
[[ 12.   5.   2.  14.]
 [  8.  15.   4.  10.]
 [  1.   3.  13.  11.]
 [  6.   7.   9.   0.]]
[[  0.   6.  15.  12.]
 [  4.   5.   8.   1.]
 [ 13.  14.   7.   9.]
 [  2.   3.  10.  11.]]
[[ 15.   8.   1.   9.]
 [  5.  14.  11.  10.]
 [  6.   2.   4.  13.]
 [  3.   0.  12.   7.]]
[[ 12.   1.  11.   9.]
 [  7.  14.   2.  13.]
 [  0.   4.  15.   5.]
 [  8.   3.   6.  10.]]
[[  1.  13.   3.  11.]
 [  5.  15.   7.  14.]
 [  4.   6.  12.   9.]
 [ 10.   2.   8.   0.]]
[[  6.   4.   2.   9.]
 [  0.  14.  13.  15.]
 [ 12.   5.   3.   1.]
 [ 10.   7.   8.  11.]]
[[ 15.   8.  10.  11.]
 [  6.  13.   2.   0.]
 [ 14.   4.   7.   3.]
 [  9.   5.  12.   1.]]
[[  7.   0.  14.  15.]
 [ 11.   5.   4.  13.]
 [  3.  10.   1.   2.]
 [  8.   9.  12.   6.]]
[[ 10.   8.   7.   6.]
 [  2.  13.  14.   3.]
 [  0.   9.  15.  12.]
 [  5.   1.  11.   4.]]
[[  8.  11.   3.   7.]
 [ 15.   0.   1.  10.]
 [ 14.  12.   2.   9.]
 [  4.  13.   6.   5.]]
[[ 15.   4.   9.  14.]
 [  8.  10.  13.  12.]
 [  7.   5.   1.  11.]
 [  6.   2.   0.   3.]]
[[  6.   0.  11.   9.]
 [ 12.  14.   8.   4.]
 [  5.  15.   2.   1.]
 [ 13.   7.   3.  10.]]
[[ 10.  15.   3.   4.]
 [  2.  13.   9.   0.]
 [  8.  11.   5.   7.]
 [  1.  12.   6.  14.]]
[[  9.   4.  13.   0.]
 [ 14.   6.   2.   3.]
 [ 11.  10.   7.   8.]
 [  1.  15.  12.   5.]]
[[ 11.   9.  12.   4.]
 [  7.  14.   5.  15.]
 [  6.   8.   0.   2.]
 [  1.  10.  13.   3.]]
[[ 15.  13.  12.   2.]
 [  8.  14.   5.   3.]
 [ 11.   4.  10.   1.]
 [  7.   0.   6.   9.]]
[[ 15.  10.   1.  13.]
 [  6.   2.   3.   4.]
 [ 14.  12.   9.   8.]
 [  7.   5.   0.  11.]]
[[ 14.   7.   4.  11.]
 [  5.   2.  15.   3.]
 [  9.   1.  13.   0.]
 [ 10.   6.  12.   8.]]
[[ 14.   2.  11.   8.]
 [ 12.   5.   9.  13.]
 [ 15.  10.   7.   6.]
 [  4.   0.   3.   1.]]
[[ 14.   1.   6.   3.]
 [ 15.   0.  10.   4.]
 [  7.  12.   5.   2.]
 [  9.  11.  13.   8.]]
[[ 10.  13.   8.   7.]
 [  1.   6.   0.   2.]
 [ 11.  14.   3.  12.]
 [  5.   9.   4.  15.]]
[[ 15.   4.   9.  10.]
 [  1.   6.   5.  12.]
 [  8.   0.   3.  13.]
 [  2.  11.   7.  14.]]
[[  9.   8.   4.  14.]
 [  2.   5.   1.   7.]
 [  3.  12.  10.  15.]
 [ 13.  11.   6.   0.]]
[[  2.  15.  11.   9.]
 [  8.   6.  12.  10.]
 [  0.   1.   7.  14.]
 [  3.   5.   4.  13.]]
[[  9.  13.  14.  15.]
 [  7.   1.   4.   0.]
 [  6.  11.   3.   8.]
 [  5.  12.   2.  10.]]
[[  4.  15.  11.   8.]
 [  0.   2.   5.   3.]
 [ 12.   1.  13.   6.]
 [  9.   7.  10.  14.]]
[[  9.   5.   6.   0.]
 [ 14.   8.  13.   4.]
 [ 12.  11.   7.   2.]
 [ 10.   1.   3.  15.]]
[[  6.   7.  12.   4.]
 [  0.  14.   9.   1.]
 [ 13.   8.   5.  15.]
 [ 11.   2.  10.   3.]]
[[ 15.   3.   9.   0.]
 [  2.  12.   4.   6.]
 [ 14.  11.  10.   5.]
 [ 13.   1.   7.   8.]]
[[  4.   8.  11.   7.]
 [  1.   6.   9.  13.]
 [  2.  15.  12.  10.]
 [  3.  14.   0.   5.]]
[[  9.   3.  12.  11.]
 [  8.  13.  14.   5.]
 [  0.   4.  15.   7.]
 [  2.   6.   1.  10.]]
[[ 11.   3.  15.   8.]
 [ 12.  14.   4.   9.]
 [  1.   7.   2.  13.]
 [  0.  10.   5.   6.]]
[[  0.   4.   2.  13.]
 [  3.   8.   1.  14.]
 [  6.  12.  10.  15.]
 [  7.   5.   9.  11.]]
[[  0.   8.  15.  13.]
 [  6.   9.   2.  10.]
 [  5.  11.   7.  14.]
 [ 12.   4.   3.   1.]]
[[  9.   2.  15.   8.]
 [ 10.   6.   3.   4.]
 [  5.   7.  13.   1.]
 [ 14.  12.   0.  11.]]
[[ 15.   5.   9.  11.]
 [  1.  10.   0.  13.]
 [  6.  12.   3.  14.]
 [  7.   2.   4.   8.]]
[[  6.   3.   2.  12.]
 [ 14.  10.  13.  15.]
 [  8.   0.   9.  11.]
 [  7.   5.   4.   1.]]
[[  8.   1.  11.  10.]
 [ 15.   2.   6.   9.]
 [ 14.   3.   5.   0.]
 [ 12.   4.   7.  13.]]
[[ 11.  12.   2.   9.]
 [  0.   4.  10.   6.]
 [  8.  15.   7.  14.]
 [ 13.   1.   5.   3.]]
