[[ 24.  13.  18.  16.   4.]
 [ 20.   6.   7.   0.  19.]
 [  1.  15.   8.  22.  11.]
 [  2.   5.  17.   9.  14.]
 [ 12.  10.  21.  23.   3.]]
[[ 15.  13.   6.  22.  10.]
 [  0.   4.   7.  14.  16.]
 [ 18.  23.   5.   8.   2.]
 [  3.  24.  20.  21.  11.]
 [ 17.  12.  19.   9.   1.]]
[[  1.  22.   0.  13.   5.]
 [ 17.  10.  16.  15.  12.]
 [ 20.  23.   3.   8.   6.]
 [ 19.   4.  21.  18.  11.]
 [  9.  24.  14.   7.   2.]]
[[ 21.   9.   6.  12.  11.]
 [  8.  16.  19.   4.  20.]
 [ 17.   1.  18.  22.   2.]
 [  7.  23.  10.  15.  24.]
 [ 13.   5.  14.   3.   0.]]
[[  5.  14.  19.  22.  16.]
 [  9.  10.  24.   1.  23.]
 [ 18.  17.  15.   2.  11.]
 [ 13.  12.   0.   8.  21.]
 [  4.   7.   3.  20.   6.]]
[[ 12.  10.  14.  20.   9.]
 [  7.  19.   4.  13.   8.]
 [  6.  18.  17.  16.  23.]
 [ 21.   5.  15.   0.   2.]
 [  1.  11.   3.  22.  24.]]
[[ 24.   0.  10.  23.  14.]
 [ 18.  20.  13.  16.   3.]
 [  5.   6.   7.  11.   2.]
 [ 17.   1.   9.  15.  22.]
 [ 12.  19.   8.  21.   4.]]
[[ 12.  17.  19.   2.  11.]
 [  0.   6.   7.  15.  14.]
 [  8.   1.  21.   5.  18.]
 [  4.   9.  13.  10.   3.]
 [ 23.  16.  22.  20.  24.]]
[[  3.   1.  20.  15.   5.]
 [ 24.  17.  13.  18.  10.]
 [ 16.   8.   6.  21.  22.]
 [  4.  23.  11.  19.   9.]
 [  7.  12.  14.   0.   2.]]
[[ 12.   4.   2.  21.  24.]
 [ 19.  14.   8.  22.   3.]
 [  0.  17.  18.   7.  11.]
 [  9.   6.   5.  13.  23.]
 [ 15.   1.  20.  10.  16.]]
[[  9.  19.   2.  15.  22.]
 [  0.   7.   1.   8.  21.]
 [ 18.  20.   4.  11.  16.]
 [ 12.   3.  14.  10.  17.]
 [  5.   6.  23.  24.  13.]]
[[  4.  21.  10.  24.  17.]
 [  0.   5.   8.  15.  19.]
 [ 22.  11.  23.   7.   3.]
 [ 12.  16.  20.  18.   1.]
 [ 14.   2.   6.   9.  13.]]
[[  4.  20.  14.   0.  16.]
 [ 22.   1.  12.  17.  21.]
 [ 24.  23.   8.   9.  10.]
 [ 11.  13.  19.  18.   3.]
 [  5.   2.   6.  15.   7.]]
[[ 16.  12.  24.  14.  10.]
 [ 15.   2.  21.  18.  23.]
 [ 13.  19.   6.   4.   7.]
 [ 17.  11.   9.   5.   1.]
 [  3.  22.  20.   0.   8.]]
[[ 13.  15.   2.   1.   7.]
 [ 11.  22.   6.  12.   4.]
 [  0.  21.  20.   5.  19.]
 [ 23.  18.   9.   3.   8.]
 [ 17.  14.  16.  10.  24.]]
[[ 16.  11.   9.  14.  19.]
 [  3.  17.  15.  12.   5.]
 [ 10.   7.   8.  24.   1.]
 [  2.   0.  18.   6.  13.]
 [ 21.  20.  23.  22.   4.]]
[[  9.   3.  16.   6.  11.]
 [ 10.   2.   4.  12.  21.]
 [  5.  14.   0.  23.  13.]
 [ 24.  20.  18.  19.  22.]
 [ 15.   7.  17.   1.   8.]]
[[  3.   4.   1.  17.  14.]
 [ 20.  24.  19.   5.  18.]
 [  2.   6.  11.  21.   0.]
 [ 13.  16.  22.   7.   8.]
 [ 15.  23.  10.   9.  12.]]
[[ 14.  16.   2.   3.  20.]
 [ 21.  24.   8.  12.  10.]
 [ 23.  11.   1.  18.  17.]
 [  5.   0.   9.  13.  19.]
 [  4.   7.  15.  22.   6.]]
[[  5.   3.   4.   8.  20.]
 [  7.   0.   9.   6.   2.]
 [ 10.  18.  16.   1.  17.]
 [ 22.  11.  23.  13.  15.]
 [ 19.  24.  12.  21.  14.]]
[[ 12.  23.  19.  11.   7.]
 [ 15.   9.   3.  18.  10.]
 [  2.   4.   6.  20.  16.]
 [ 17.  21.   1.   5.  24.]
 [ 13.   0.   8.  14.  22.]]
[[ 24.   4.   2.   7.  11.]
 [  1.  23.  21.  14.   6.]
 [ 13.   3.  12.  16.  15.]
 [ 22.  18.  20.  17.  10.]
 [ 19.   5.   0.   8.   9.]]
[[ 17.   0.  11.  24.   7.]
 [  2.   6.  22.  20.  15.]
 [ 18.   5.  12.   3.  23.]
 [ 13.  16.   8.  10.  21.]
 [  1.   9.  14.   4.  19.]]
[[  8.  16.   1.  24.   9.]
 [ 23.  21.  17.   4.  20.]
 [  6.   7.  22.  14.  18.]
 [  3.  10.  13.  11.  19.]
 [  0.  15.  12.   5.   2.]]
[[  9.   4.  24.   3.  18.]
 [  6.   2.   7.   5.  12.]
 [ 22.  16.   1.  21.  20.]
 [  8.  19.  23.  10.  15.]
 [ 11.  17.  14.   0.  13.]]
[[ 24.   9.   8.  23.   0.]
 [  5.  18.  12.  21.   6.]
 [ 10.  20.  22.  14.  17.]
 [ 16.   4.   7.  13.  11.]
 [  3.  15.   2.   1.  19.]]
[[ 22.  18.  13.  24.  17.]
 [  0.   4.  12.  19.   8.]
 [ 15.   9.   7.  23.   5.]
 [ 11.   1.   2.  10.  20.]
 [ 16.  14.  21.   6.   3.]]
[[  9.   5.  19.   6.  15.]
 [  8.  13.  14.  10.  23.]
 [  1.  20.  17.   4.   2.]
 [ 24.  12.   7.  21.  18.]
 [ 16.  11.  22.   3.   0.]]
[[  7.   0.   4.   3.  24.]
 [ 21.  10.   9.  22.  17.]
 [ 15.  12.  11.  14.   6.]
 [  2.  20.  23.   5.   8.]
 [ 16.  18.  13.   1.  19.]]
[[  4.  21.  20.  12.   3.]
 [ 15.  18.   2.  23.  19.]
 [  8.  14.  13.  17.  10.]
 [ 16.   5.   6.  11.  24.]
 [  0.   9.   7.   1.  22.]]
[[  4.  22.  13.   3.  23.]
 [  2.  24.  11.   7.   6.]
 [  5.  15.   0.  21.  19.]
 [ 18.  14.   1.  10.  20.]
 [ 12.  17.   8.  16.   9.]]
[[ 16.   9.  21.  22.   5.]
 [ 23.  14.  20.  24.  17.]
 [ 12.  13.  15.  10.  11.]
 [  0.   6.   1.   4.  19.]
 [ 18.   7.   2.   3.   8.]]
[[ 24.  22.   2.  21.   6.]
 [  0.  13.   1.  18.  10.]
 [ 14.   5.  12.   3.  16.]
 [ 19.   7.  15.  11.   9.]
 [  8.  20.  17.  23.   4.]]
[[  6.  13.   3.  23.   7.]
 [ 15.   5.  16.  21.  11.]
 [ 22.  17.   0.   9.  20.]
 [ 12.  14.   1.   4.  10.]
 [  8.  24.  18.  19.   2.]]
[[ 14.  11.   2.   0.  16.]
 [ 13.   9.  24.  20.  15.]
 [  4.   3.  21.  17.   8.]
 [ 10.   5.  23.  12.   6.]
 [  7.   1.  22.  18.  19.]]
[[  4.  16.   7.   1.  17.]
 [ 24.   0.  11.   5.  14.]
 [  2.  15.  21.   6.  12.]
 [  3.  22.  23.  20.  13.]
 [  8.  18.  10.   9.  19.]]
[[  9.   2.  10.  19.   7.]
 [  6.  16.   1.  17.  21.]
 [ 18.  12.  11.  14.   0.]
 [  5.   4.  15.  20.  24.]
 [ 23.  22.  13.   8.   3.]]
[[ 15.  19.  20.  22.  11.]
 [ 24.   9.   4.  13.   8.]
 [  1.  18.  10.   6.  23.]
 [ 21.   5.  17.  12.   7.]
 [  3.   0.  14.   2.  16.]]
[[  3.  22.   2.  11.   5.]
 [ 10.  24.   7.  16.  18.]
 [ 23.   9.  17.  21.   6.]
 [  0.   4.  13.  12.  19.]
 [ 15.  20.  14.   1.   8.]]
[[  4.  10.  14.   2.   8.]
 [  1.  19.   9.  24.  21.]
 [ 18.   5.  15.  17.  20.]
 [ 11.   7.  12.   6.   0.]
 [  3.  13.  22.  16.  23.]]
[[  8.   5.  11.  22.  17.]
 [ 18.   3.  12.  20.  16.]
 [ 21.   6.  23.   9.   2.]
 [ 13.   7.   4.  10.   1.]
 [  0.  14.  24.  15.  19.]]
[[  8.  14.   2.  12.  24.]
 [ 10.   9.   4.   5.  19.]
 [  1.  11.  22.  18.   6.]
 [  7.  23.  15.   0.  21.]
 [ 16.   3.  20.  13.  17.]]
[[ 22.  20.   3.   6.  14.]
 [ 13.  24.   1.  17.  19.]
 [ 18.  21.   9.   4.  16.]
 [ 23.   0.   7.  10.   2.]
 [  8.  15.   5.  11.  12.]]
[[ 20.   2.  12.  13.  17.]
 [ 10.  22.  14.   9.  18.]
 [ 15.   3.  23.   4.  19.]
 [  6.   5.   8.   0.  24.]
 [  7.  16.  11.  21.   1.]]
[[ 20.  14.  17.   5.   4.]
 [ 13.  19.  10.  11.   9.]
 [ 12.  24.   6.   0.  18.]
 [  2.  16.   3.  21.  22.]
 [  7.  23.  15.   1.   8.]]
[[ 21.  14.  12.   4.  15.]
 [  0.  23.  22.   5.  16.]
 [  7.   2.   9.  10.   3.]
 [ 13.  24.  17.  20.  19.]
 [ 18.   6.   1.  11.   8.]]
[[ 22.   6.   9.   5.  14.]
 [  3.  13.   7.  10.  12.]
 [  0.   4.  23.  18.  16.]
 [ 21.  17.   1.  11.   8.]
 [ 24.  20.  15.   2.  19.]]
[[  2.  13.  22.  23.   8.]
 [  6.  17.  14.  12.  20.]
 [  5.   9.  10.  11.  21.]
 [ 24.  18.   1.   3.   0.]
 [ 16.  19.   7.  15.   4.]]
[[ 23.  16.   7.  15.   8.]
 [  5.  21.   2.  11.   9.]
 [ 18.  24.   6.   3.  22.]
 [ 20.  14.   0.   1.  19.]
 [  4.  10.  13.  17.  12.]]
[[  8.  19.   4.   0.   5.]
 [ 15.  22.   1.  12.  21.]
 [ 23.  14.  13.   6.  24.]
 [ 20.  10.   9.  11.  16.]
 [ 18.   7.  17.   2.   3.]]
[[ 13.  11.   0.  15.  16.]
 [  7.   2.  17.   9.   4.]
 [ 24.  22.   8.  21.  18.]
 [  1.   5.  14.  23.  20.]
 [ 10.   3.   6.  19.  12.]]
[[  8.  21.  22.   6.   3.]
 [ 24.   4.  10.   1.  13.]
 [ 15.   0.   2.  12.   7.]
 [ 16.  23.   5.  11.  14.]
 [ 20.  19.   9.  17.  18.]]
[[ 15.  13.   1.   8.  18.]
 [ 21.  22.   0.  14.  17.]
 [ 11.  20.  19.   7.   4.]
 [ 24.   5.   2.  16.  10.]
 [  6.  23.  12.   3.   9.]]
[[  6.   2.   3.  18.  22.]
 [ 20.   1.  10.  17.  19.]
 [  5.   4.  12.  11.  15.]
 [ 14.   8.   0.   7.  21.]
 [ 16.   9.  23.  24.  13.]]
[[ 23.   7.  20.  10.   4.]
 [ 14.  13.  17.   2.   5.]
 [ 19.  11.   8.  15.   9.]
 [  3.  24.   6.   0.  12.]
 [ 21.   1.  18.  16.  22.]]
[[ 16.  14.  22.   3.   6.]
 [  0.  12.  20.  23.   9.]
 [ 19.  21.  13.   7.  11.]
 [ 18.   8.  24.   4.  15.]
 [ 17.   5.  10.   1.   2.]]
[[ 20.  21.   2.   9.  11.]
 [ 24.   6.  18.  13.  19.]
 [  3.   4.  10.  12.   1.]
 [ 17.  14.   7.   0.   8.]
 [ 15.  23.  22.  16.   5.]]
[[ 13.   0.  22.  19.  20.]
 [ 15.  18.  10.  17.   2.]
 [ 24.  16.  11.   6.   4.]
 [  3.   8.  12.   7.   5.]
 [  9.  21.   1.  23.  14.]]
[[ 14.   2.  10.   4.   3.]
 [ 24.   1.  23.   7.  15.]
 [  5.  16.  17.   8.   6.]
 [ 22.  18.   0.  19.  11.]
 [ 13.   9.  12.  21.  20.]]
[[ 11.  12.   8.  23.  21.]
 [  3.  13.   7.  20.  16.]
 [  5.   2.  15.   0.  17.]
 [ 19.  22.  10.   9.  18.]
 [  1.   6.  24.   4.  14.]]
[[ 20.  11.  12.   3.  19.]
 [ 15.   9.   7.  21.   0.]
 [  5.  22.  17.  14.  24.]
 [ 13.   2.  18.  10.   4.]
 [ 23.  16.   1.   6.   8.]]
[[ 24.  17.   8.   5.  23.]
 [ 11.   4.  13.   6.  20.]
 [ 21.  19.   7.   0.  12.]
 [ 16.  15.  18.  22.   1.]
 [  9.   2.  10.  14.   3.]]
[[  3.  23.  17.  16.   4.]
 [ 12.   9.  15.  10.  11.]
 [  8.   2.  22.  13.   1.]
 [ 20.  14.   6.   5.  18.]
 [ 21.   7.  19.   0.  24.]]
[[ 22.   7.  19.   6.   9.]
 [  0.   8.  24.  16.  20.]
 [ 18.   1.   4.  12.  14.]
 [ 21.  13.  10.   2.   3.]
 [  5.  23.  11.  15.  17.]]
[[  3.   7.  15.  20.  16.]
 [  5.   4.  22.  12.  11.]
 [ 23.   2.   1.  13.  19.]
 [ 24.   0.  21.   8.  10.]
 [ 14.  17.  18.   9.   6.]]
[[  9.   8.   5.  21.  20.]
 [ 15.   2.  23.  17.  19.]
 [ 16.  11.   3.  10.   7.]
 [  0.   4.  14.  24.   6.]
 [ 13.  22.  18.  12.   1.]]
[[  4.  18.  12.   9.   8.]
 [ 14.   7.  17.  11.  22.]
 [ 20.  23.   6.  24.  19.]
 [  5.  13.   0.  15.   3.]
 [ 16.  10.   1.  21.   2.]]
[[ 11.  24.  20.   0.  12.]
 [  9.   4.   7.  13.  17.]
 [  3.  15.  14.  23.   2.]
 [ 19.  10.   1.   5.   6.]
 [ 16.   8.  18.  21.  22.]]
[[  6.  12.  13.   2.  15.]
 [  5.  10.  17.  21.   1.]
 [ 16.  20.   7.  14.  11.]
 [  0.  22.  18.   9.   4.]
 [ 23.  19.  24.   3.   8.]]
[[ 10.   5.  23.   6.   8.]
 [ 24.  19.   9.  13.   7.]
 [  4.  16.  21.   1.  14.]
 [  0.   3.  11.  17.  12.]
 [ 15.   2.  20.  22.  18.]]
[[  5.   4.   6.  11.   8.]
 [ 19.  20.  17.   2.  18.]
 [ 21.   1.   7.  24.  12.]
 [ 23.   3.   0.  16.  13.]
 [ 22.  14.  15.   9.  10.]]
[[ 21.   8.  18.  14.  13.]
 [ 20.   2.  15.  17.   9.]
 [  6.  11.   4.  22.  19.]
 [ 24.   1.  23.  16.   3.]
 [  7.   0.  12.   5.  10.]]
[[  6.   9.   2.  22.  21.]
 [ 15.   8.  11.   0.  17.]
 [ 19.   7.   1.  14.  16.]
 [ 20.   5.  12.   4.  13.]
 [  3.  24.  18.  10.  23.]]
[[ 20.  10.   3.  24.  19.]
 [ 23.  16.   7.   1.   5.]
 [  0.  21.   8.  22.   6.]
 [ 18.   4.   2.  17.   9.]
 [ 12.  11.  14.  13.  15.]]
[[ 13.  11.  19.  14.   7.]
 [  0.   9.  20.  21.  12.]
 [  2.  24.  15.  17.   4.]
 [ 18.  23.   8.  22.   6.]
 [  3.  16.  10.   1.   5.]]
[[ 23.  16.   9.  11.   3.]
 [  1.  21.  10.  24.   7.]
 [ 19.  20.  12.   4.  17.]
 [  2.  13.   6.  15.  14.]
 [  5.   0.   8.  18.  22.]]
[[ 13.  24.  19.  21.  14.]
 [  4.   3.   6.  11.  16.]
 [  2.  22.  18.  12.  17.]
 [  0.  10.  23.   1.  20.]
 [  9.   5.   7.   8.  15.]]
[[ 15.  16.  18.   3.   1.]
 [ 17.   8.  21.  19.  22.]
 [  7.  13.  20.  10.   2.]
 [  0.  24.   6.  11.  23.]
 [  9.   5.   4.  14.  12.]]
[[  5.  14.   3.   1.  11.]
 [ 22.   9.  10.  24.   6.]
 [  7.   8.  13.   0.   2.]
 [ 19.   4.  16.  23.  15.]
 [ 18.  21.  17.  20.  12.]]
[[ 11.  24.   9.   4.  17.]
 [  3.  16.  23.  22.  19.]
 [ 10.  20.  21.   5.   7.]
 [  0.   1.  15.  18.  14.]
 [ 13.  12.   2.   8.   6.]]
[[ 13.  14.  21.  20.   3.]
 [ 12.  16.   7.  18.  22.]
 [  0.   4.  15.   5.  23.]
 [ 11.   8.  19.  10.  17.]
 [  1.   9.   6.  24.   2.]]
[[  5.  13.  18.  20.   9.]
 [ 21.  19.  11.  14.   7.]
 [  0.  15.   2.   6.   1.]
 [ 23.  24.  22.  17.   8.]
 [  4.  12.  16.  10.   3.]]
[[  6.  11.   2.  22.  12.]
 [  4.   8.  24.  18.  14.]
 [  1.  16.  19.  10.   3.]
 [ 13.   5.   9.  23.  15.]
 [ 17.  20.  21.   7.   0.]]
[[  7.   3.  17.  12.  20.]
 [  6.  21.   4.  23.  18.]
 [  8.   0.  22.  14.  19.]
 [ 10.  16.   5.  13.   1.]
 [  2.   9.  15.  24.  11.]]
[[  2.   6.  14.   9.   3.]
 [ 10.  17.   5.   4.  16.]
 [ 21.   0.  15.  19.  18.]
 [  7.   8.  12.  20.  11.]
 [ 13.   1.  24.  23.  22.]]
[[ 22.  10.   1.   2.   6.]
 [  3.  12.  11.   4.  18.]
 [  9.   5.  20.  15.  19.]
 [ 23.   7.  14.   0.  17.]
 [ 13.  21.  24.   8.  16.]]
[[ 19.  22.   6.  21.  24.]
 [ 11.  16.  15.   8.  17.]
 [  1.   3.   7.   9.  12.]
 [  4.  10.  18.  13.  20.]
 [ 23.   5.  14.   0.   2.]]
[[ 14.  18.  10.   8.  17.]
 [ 23.   0.  22.  24.  12.]
 [ 11.  19.   3.   4.   6.]
 [  7.   5.   9.  21.   2.]
 [  1.  16.  13.  20.  15.]]
[[  0.   4.  13.   9.  15.]
 [ 22.   1.  18.  23.   8.]
 [ 11.  12.   2.  16.  19.]
 [ 14.  21.  24.   6.   7.]
 [  3.   5.  10.  17.  20.]]
[[ 18.  16.  10.  12.   7.]
 [ 13.  23.  19.  24.  15.]
 [  8.   3.  21.  14.   0.]
 [ 20.   9.  11.  22.   1.]
 [  5.   6.  17.   4.   2.]]
[[ 22.  10.  15.   0.  16.]
 [ 19.  11.   1.  18.  20.]
 [  2.   3.  23.  17.   8.]
 [ 13.   7.   5.   9.  24.]
 [  6.   4.  21.  12.  14.]]
[[ 13.  16.   5.  17.   1.]
 [ 21.  18.   6.  19.   0.]
 [ 22.  24.  20.   2.  15.]
 [  3.  23.  12.   4.   7.]
 [ 11.  14.   8.   9.  10.]]
[[ 19.   7.  12.  17.   5.]
 [  6.   3.  16.  21.  13.]
 [  4.   1.   9.  10.  18.]
 [ 15.   2.   8.   0.  23.]
 [ 14.  22.  11.  20.  24.]]
[[ 19.   7.  15.  10.  17.]
 [  9.   4.  23.  20.  12.]
 [ 16.   0.  24.  21.  14.]
 [  3.   5.  13.  22.   6.]
 [  8.   2.   1.  11.  18.]]
[[  8.   2.   1.  16.  15.]
 [ 10.  13.   4.   0.  17.]
 [ 22.   3.  19.  14.  11.]
 [  9.   6.  12.   5.   7.]
 [ 20.  18.  23.  24.  21.]]
[[ 19.   2.   6.  11.  22.]
 [ 16.   1.  23.  20.  13.]
 [ 24.   9.   7.  15.  17.]
 [ 18.  12.   5.  21.   8.]
 [  3.   0.   4.  14.  10.]]
[[ 11.  20.   8.   3.  16.]
 [ 13.   4.   2.   9.  17.]
 [  6.   5.  15.  22.  18.]
 [ 24.   0.  19.  14.  21.]
 [ 12.   7.  23.   1.  10.]]
[[ 10.   7.  20.  17.  18.]
 [  5.  23.  22.   2.  15.]
 [ 21.  13.  12.   1.  14.]
 [  3.  11.   4.   0.   8.]
 [  6.  24.  19.  16.   9.]]
[[ 20.  24.  15.  17.  10.]
 [  0.   9.   4.  16.   3.]
 [ 13.  21.   2.  23.  14.]
 [ 19.   5.  18.  12.   1.]
 [  8.   6.   7.  11.  22.]]
[[ 13.   4.  16.   6.  23.]
 [  7.   3.   5.  22.  19.]
 [ 12.  21.   2.  20.  18.]
 [ 24.  15.  10.   1.  11.]
 [  9.   8.  14.  17.   0.]]
